127.0
127.0997455564968
127.19949105146551
127.29923642337815
127.3989816107067
127.49872655192337
127.59847118550043
127.69821544991039
127.79795928362599
127.8977026251202
127.99744541286634
128.09718758533802
128.1969290810093
128.29666983835455
128.3964097958487
128.49614889196715
128.5958870651858
128.6956242539811
128.79536039683015
128.89509543221072
128.99482929860122
129.0945619344808
129.1942932783293
129.29402326862748
129.39375184385685
129.4934789424998127.0
127.0997455564968
127.19949105146551
127.29923642337815
127.3989816107067
127.49872655192337
127.59847118550043
127.69821544991039
127.79795928362599
127.8977026251202
127.99744541286634
128.09718758533802
128.1969290810093
128.29666983835455
128.3964097958487
128.49614889196715
128.5958870651858
128.6956242539811
128.79536039683015
128.89509543221072
128.99482929860122
129.0945619344808
129.1942932783293
129.29402326862748
129.39375184385685
129.4934789424998127.0
127.0997455564968
127.19949105146551
127.29923642337815
127.3989816107067
127.49872655192337
127.59847118550043
127.69821544991039
127.79795928362599
127.8977026251202
127.99744541286634
128.09718758533802
128.1969290810093
128.29666983835455
128.3964097958487
128.49614889196715
128.5958870651858
128.6956242539811
128.79536039683015
128.89509543221072
128.99482929860122
129.0945619344808
129.1942932783293
129.29402326862748
129.39375184385685
129.4934789424998127.0
127.0997455564968
127.19949105146551
127.29923642337815
127.3989816107067
127.49872655192337
127.59847118550043
127.69821544991039
127.79795928362599
127.8977026251202
127.99744541286634
128.09718758533802
128.1969290810093
128.29666983835455
128.3964097958487
128.49614889196715
128.5958870651858
128.6956242539811
128.79536039683015
128.89509543221072
128.99482929860122
129.0945619344808
129.1942932783293
129.29402326862748
129.39375184385685
129.4934789424998127.0
127.0997455564968
127.19949105146551
127.29923642337815
127.3989816107067
127.49872655192337
127.59847118550043
127.69821544991039
127.79795928362599
127.8977026251202
127.99744541286634
128.09718758533802
128.1969290810093
128.29666983835455
128.3964097958487
128.49614889196715
128.5958870651858
128.6956242539811
128.79536039683015
128.89509543221072
128.99482929860122
129.0945619344808
129.1942932783293
129.29402326862748
129.39375184385685
129.4934789424998127.0
127.0997455564968
127.19949105146551
127.29923642337815
127.3989816107067
127.49872655192337
127.59847118550043
127.69821544991039
127.79795928362599
127.8977026251202
127.99744541286634
128.09718758533802
128.1969290810093
128.29666983835455
128.3964097958487
128.49614889196715
128.5958870651858
128.6956242539811
128.79536039683015
128.89509543221072
128.99482929860122
129.0945619344808
129.1942932783293
129.29402326862748
129.39375184385685
129.4934789424998127.0
127.0997455564968
127.19949105146551
127.29923642337815
127.3989816107067
127.49872655192337
127.59847118550043
127.69821544991039
127.79795928362599
127.8977026251202
127.99744541286634
128.09718758533802
128.1969290810093
128.29666983835455
128.3964097958487
128.49614889196715
128.5958870651858
128.6956242539811
128.79536039683015
128.89509543221072
128.99482929860122
129.0945619344808
129.1942932783293
129.29402326862748
129.39375184385685
129.4934789424998127.0
127.0997455564968
127.19949105146551
127.29923642337815
127.3989816107067
127.49872655192337
127.59847118550043
127.69821544991039
127.79795928362599
127.8977026251202
127.99744541286634
128.09718758533802
128.1969290810093
128.29666983835455
128.3964097958487
128.49614889196715
128.5958870651858
128.6956242539811
128.79536039683015
128.89509543221072
128.99482929860122
129.0945619344808
129.1942932783293
129.29402326862748
129.39375184385685
129.4934789424998127.0
127.0997455564968
127.19949105146551
127.29923642337815
127.3989816107067
127.49872655192337
127.59847118550043
127.69821544991039
127.79795928362599
127.8977026251202
127.99744541286634
128.09718758533802
128.1969290810093
128.29666983835455
128.3964097958487
128.49614889196715
128.5958870651858
128.6956242539811
128.79536039683015
128.89509543221072
128.99482929860122
129.0945619344808
129.1942932783293
129.29402326862748
129.39375184385685
129.4934789424998127.0
127.0997455564968
127.19949105146551
127.29923642337815
127.3989816107067
127.49872655192337
127.59847118550043
127.69821544991039
127.79795928362599
127.8977026251202
127.99744541286634
128.09718758533802
128.1969290810093
128.29666983835455
128.3964097958487
128.49614889196715
128.5958870651858
128.6956242539811
128.79536039683015
128.89509543221072
128.99482929860122
129.0945619344808
129.1942932783293
129.29402326862748
129.39375184385685
129.4934789424998127.0
127.0997455564968
127.19949105146551
127.29923642337815
127.3989816107067
127.49872655192337
127.59847118550043
127.69821544991039
127.79795928362599
127.8977026251202
127.99744541286634
128.09718758533802
128.1969290810093
128.29666983835455
128.3964097958487
128.49614889196715
128.5958870651858
128.6956242539811
128.79536039683015
128.89509543221072
128.99482929860122
129.0945619344808
129.1942932783293
129.29402326862748
129.39375184385685
129.4934789424998127.0
127.0997455564968
127.19949105146551
127.29923642337815
127.3989816107067
127.49872655192337
127.59847118550043
127.69821544991039
127.79795928362599
127.8977026251202
127.99744541286634
128.09718758533802
128.1969290810093
128.29666983835455
128.3964097958487
128.49614889196715
128.5958870651858
128.6956242539811
128.79536039683015
128.89509543221072
128.99482929860122
129.0945619344808
129.1942932783293
129.29402326862748
129.39375184385685
129.4934789424998127.0
127.0997455564968
127.19949105146551
127.29923642337815
127.3989816107067
127.49872655192337
127.59847118550043
127.69821544991039
127.79795928362599
127.8977026251202
127.99744541286634
128.09718758533802
128.1969290810093
128.29666983835455
128.3964097958487
128.49614889196715
128.5958870651858
128.6956242539811
128.79536039683015
128.89509543221072
128.99482929860122
129.0945619344808
129.1942932783293
129.29402326862748
129.39375184385685
129.4934789424998127.0
127.0997455564968
127.19949105146551
127.29923642337815
127.3989816107067
127.49872655192337
127.59847118550043
127.69821544991039
127.79795928362599
127.8977026251202
127.99744541286634
128.09718758533802
128.1969290810093
128.29666983835455
128.3964097958487
128.49614889196715
128.5958870651858
128.6956242539811
128.79536039683015
128.89509543221072
128.99482929860122
129.0945619344808
129.1942932783293
129.29402326862748
129.39375184385685
129.4934789424998127.0
127.0997455564968
127.19949105146551
127.29923642337815
127.3989816107067
127.49872655192337
127.59847118550043
127.69821544991039
127.79795928362599
127.8977026251202
127.99744541286634
128.09718758533802
128.1969290810093
128.29666983835455
128.3964097958487
128.49614889196715
128.5958870651858
128.6956242539811
128.79536039683015
128.89509543221072
128.99482929860122
129.0945619344808
129.1942932783293
129.29402326862748
129.39375184385685
129.4934789424998